2 1 1033 2 369
2 3 473 4 1215
2 5 1555 6 414
2 7 1121 8 1618
2 9 830 10 255
2 11 346 12 1291
2 13 66 14 1045
2 15 449 16 450
2 17 354 18 766
2 19 224 20 150
2 21 510 22 770
2 23 1329 24 809
2 25 447 26 580
2 27 1252 28 817
2 29 454 30 584
2 31 1691 32 928
2 33 927 34 1253
2 35 1255 36 138
2 37 715 38 721
2 39 826 40 26
2 41 263 42 1156
2 43 79 44 781
2 45 1151 46 68
2 47 1260 48 1324
2 49 223 50 1022
2 51 887 52 1312
2 53 77 54 141
2 55 1135 56 901
2 57 279 58 1578
2 59 1453 60 1683
2 61 582 62 1692
2 63 1513 64 47
2 65 350 66 1217
2 67 1286 68 71
2 69 335 70 1121
2 71 655 72 1312
2 73 1287 74 795
2 75 464 76 1489
2 77 432 78 138
2 79 279 80 729
2 81 1340 82 807
2 83 226 84 1297
2 85 726 86 1639
2 87 1 88 1595
2 89 792 90 795
2 91 1144 92 854
2 93 1547 94 239
2 95 88 96 1071
2 97 1595 98 1427
2 99 1561 100 1311
2 101 1346 102 1286
2 103 631 104 822
2 105 505 106 626
2 107 900 108 1625
2 109 1306 110 709
2 111 818 112 140
2 113 681 114 998
2 115 433 116 1168
2 117 196 118 1381
2 119 331 120 672
2 121 1440 122 420
2 123 195 124 661
2 125 764 126 73
2 127 823 128 195
2 129 353 130 1422
2 131 1320 132 991
2 133 57 134 132
2 135 1376 136 949
2 137 1442 138 1169
2 139 36 140 928
2 141 1405 142 1439
2 143 1160 144 1626
2 145 546 146 411
2 147 71 148 152
2 149 81 150 1017
2 151 29 152 1065
2 153 614 154 533
2 155 1088 156 745
2 157 674 158 456
2 159 1128 160 1367
2 161 215 162 658
2 163 1547 164 1120
2 165 699 166 1636
2 167 737 168 1330
2 169 1050 170 1604
2 171 866 172 344
2 173 1375 174 760
2 175 805 176 1327
2 177 635 178 1205
2 179 1158 180 371
2 181 654 182 333
2 183 324 184 77
2 185 503 186 80
2 187 1092 188 976
2 189 573 190 1415
2 191 1496 192 1140
2 193 1458 194 1357
2 195 91 196 842
2 197 636 198 799
2 199 1335 200 854
2 201 849 202 649
2 203 1261 204 694
2 205 952 206 106
2 207 1220 208 1167
2 209 143 210 471
2 211 1064 212 328
2 213 473 214 616
2 215 517 216 1317
2 217 186 218 1122
2 219 601 220 407
2 221 826 222 913
2 223 190 224 81
2 225 252 226 1612
2 227 342 228 194
2 229 1270 230 1143
2 231 1300 232 1018
2 233 609 234 865
2 235 1012 236 171
2 237 1510 238 495
2 239 1563 240 791
2 241 51 242 791
2 243 506 244 1649
2 245 424 246 816
2 247 63 248 1222
2 249 28 250 277
2 251 113 252 1365
2 253 847 254 927
2 255 350 256 591
2 257 695 258 1634
2 259 860 260 208
2 261 410 262 1216
2 263 1349 264 822
2 265 458 266 833
2 267 1394 268 1485
2 269 132 270 268
2 271 979 272 1243
2 273 1644 274 1157
2 275 1672 276 1519
2 277 152 278 682
2 279 1403 280 993
2 281 1658 282 842
2 283 1061 284 1080
2 285 787 286 1468
2 287 1195 288 1179
2 289 940 290 84
2 291 708 292 1676
2 293 1684 294 1687
2 295 326 296 598
2 297 400 298 1617
2 299 1035 300 89
2 301 740 302 625
2 303 523 304 852
2 305 1122 306 802
2 307 326 308 576
2 309 1674 310 1164
2 311 126 312 227
2 313 332 314 1104
2 315 1581 316 557
2 317 1665 318 1346
2 319 1456 320 225
2 321 833 322 679
2 323 140 324 110
2 325 296 326 248
2 327 1203 328 1624
2 329 1630 330 719
2 331 11 332 1352
2 333 1220 334 1467
2 335 1240 336 221
2 337 148 338 116
2 339 873 340 435
2 341 1492 342 1309
2 343 1232 344 214
2 345 887 346 791
2 347 418 348 878
2 349 1183 350 590
2 351 1354 352 1199
2 353 1275 354 711
2 355 646 356 561
2 357 496 358 698
2 359 1222 360 1170
2 361 1204 362 243
2 363 949 364 1115
2 365 1376 366 131
2 367 1575 368 1671
2 369 164 370 310
2 371 39 372 980
2 373 868 374 374
2 375 9 376 1034
2 377 125 378 121
2 379 1529 380 311
2 381 58 382 1280
2 383 1314 384 1674
2 385 965 386 1678
2 387 318 388 657
2 389 1588 390 1600
2 391 1140 392 661
2 393 1446 394 1659
2 395 1593 396 1002
2 397 880 398 1077
2 399 825 400 12
2 401 482 402 800
2 403 1136 404 1232
2 405 647 406 683
2 407 1406 408 929
2 409 570 410 626
2 411 638 412 836
2 413 1472 414 1197
2 415 887 416 554
2 417 1007 418 271
2 419 755 420 369
2 421 974 422 200
2 423 889 424 746
2 425 1692 426 88
2 427 1309 428 1379
2 429 1262 430 945
2 431 349 432 829
2 433 1190 434 1157
2 435 1670 436 328
2 437 1254 438 100
2 439 5 ...snip...  1474 225
2 1475 731 1476 865
2 1477 1608 1478 773
2 1479 366 1480 272
2 1481 905 1482 545
2 1483 760 1484 247
2 1485 837 1486 936
2 1487 1420 1488 1175
2 1489 948 1490 1675
2 1491 37 1492 1294
2 1493 1231 1494 1226
2 1495 432 1496 794
2 1497 546 1498 257
2 1499 706 1500 1306
2 1501 1487 1502 716
2 1503 1612 1504 102
2 1505 362 1506 1078
2 1507 148 1508 1336
2 1509 1599 1510 769
2 1511 1409 1512 1692
2 1513 851 1514 517
2 1515 917 1516 1207
2 1517 856 1518 1630
2 1519 1357 1520 761
2 1521 1411 1522 1037
2 1523 643 1524 77
2 1525 1584 1526 437
2 1527 1069 1528 234
2 1529 664 1530 1430
2 1531 1477 1532 1212
2 1533 412 1534 780
2 1535 641 1536 1652
2 1537 1026 1538 801
2 1539 745 1540 687
2 1541 23 1542 586
2 1543 566 1544 931
2 1545 1024 1546 668
2 1547 1651 1548 1250
2 1549 1623 1550 573
2 1551 468 1552 1059
2 1553 468 1554 532
2 1555 1037 1556 937
2 1557 1336 1558 228
2 1559 19 1560 619
2 1561 897 1562 1245
2 1563 589 1564 1119
2 1565 332 1566 328
2 1567 742 1568 1362
2 1569 1378 1570 495
2 1571 1259 1572 1261
2 1573 464 1574 3
2 1575 1399 1576 200
2 1577 1344 1578 762
2 1579 1385 1580 1542
2 1581 192 1582 721
2 1583 678 1584 1188
2 1585 1105 1586 540
2 1587 556 1588 1149
2 1589 329 1590 807
2 1591 628 1592 930
2 1593 920 1594 1616
2 1595 1075 1596 932
2 1597 975 1598 353
2 1599 1661 1600 91
2 1601 29 1602 1398
2 1603 1112 1604 1121
2 1605 1433 1606 789
2 1607 313 1608 903
2 1609 1634 1610 699
2 1611 703 1612 1210
2 1613 883 1614 269
2 1615 1027 1616 103
2 1617 1528 1618 776
2 1619 951 1620 328
2 1621 42 1622 529
2 1623 632 1624 410
2 1625 449 1626 1006
2 1627 1103 1628 791
2 1629 1163 1630 1060
2 1631 488 1632 1476
2 1633 103 1634 416
2 1635 636 1636 1108
2 1637 717 1638 1154
2 1639 116 1640 324
2 1641 1231 1642 202
2 1643 731 1644 528
2 1645 1401 1646 478
2 1647 1691 1648 1125
2 1649 356 1650 1396
2 1651 796 1652 1642
2 1653 50 1654 304
2 1655 1553 1656 1415
2 1657 1141 1658 597
2 1659 70 1660 1151
2 1661 812 1662 182
2 1663 331 1664 1242
2 1665 707 1666 1575
2 1667 157 1668 900
2 1669 1489 1670 1682
2 1671 1491 1672 708
2 1673 525 1674 1172
2 1675 724 1676 164
2 1677 1183 1678 1187
2 1679 313 1680 582
2 1681 890 1682 412
2 1683 473 1684 636
2 1685 1629 1686 1206
2 1687 1475 1688 348
2 1689 436 1690 1488
2 1691 1064 1692 82
2 1693 1540 1694 658
1 1695 790
0
0
0
0
0
0
0
0
0
0
0
0
0
0
0
0
0
0
0
0
0
0
0
0
0
0
0
0
0
0
0
0
0
0
0
0
0
0
0
0
0
0
0
0
0
0
0
0
0
0
0
0
0
0
0
0
0
0
0
0
0
0
0
0
0
0
0
0
0
0
0
0
0
0
0
0
0
0
0
0
0
0
0
0
0
0
0
0
0
0
0
0
0
0
0
0
0
0
0
0
0
0
0
0
0
0
0
0
0
0
0
0
0
0
0
0
0
0
0
0
0
0
0
0
0
0
0
0
0
0
0
0
0
0
0
0
0
0
0
0
0
0
0
0
0
0
0
0
0
0
0
0
0
0
0
0
0
0
0
0
0
0
0
0
0
0
0
0
0
0
0
0
0
0
0
0
0
0
0
0
0
0
0
0
0
0
0
0
0
0
0
0
0
0
0
0
0
0
0
0
0
0
0
0
0
0
0
0
0
0
0
0
0
0
0
0
0
0
0
0
0
0
0
0
0
0
0
0
0
0
0
0
0
0
0
0
0
0
0
0
0
0
0
0
0
0
0
0
0
0
0
0
0
0
0
0
0
0
0
0
0
0
0
0
0
0
0
0
0
0
0
0
0
0
0
0
0
0
0
0
0
0
0
0
0
0
0
0
0
0
0
0
0
0
0
0
0
0
0
0
0
0
0
0
0
0
0
0
0
0
0
0
0
0
0
0
0
0
0
0
0
0
0
0
0
0
0
0
0
0
0
0
0
0
0
0
0
0
0
0
0
0
0
0
0
0
0
0
0
0
0
0
0
0
0
0
0
0
0
0
0
0
0
0
0
0
0
0
0
0
0
0
0
0
0
0
0
0
0
0
0
0
0
0
0
0
0
0
0
0
0
0
0
0
0
0
0
0
0
0
0
0
0
0
0
0
0
0
0
0
0
0
0
0
0
0
0
0
0
0
0
0
0
0
0
0
0
0
0
0
0
0
0
0
0
0
0
0
0
0
0
0
0
0
0
0
0
0
0
0
0
0
0
0
0
0
0
0
0
0
0
0
0
0
0
0
0
0
0
0
0
0
0
0
0
0
0
0
0
0
0
0
0
0
0
0
0
0
0
0
0
0
0
0
0
0
0
0
0
0
0
0
0
0
0
0
0
0
0
0
0
0
0
0
0
0
0
0
0
0
0
0
0
0
0
0
0
0
0
0
0
0
0
0
0
0
0
0
0
0
0
0
0
0
0
0
0
0
0
0
0
0
0
0
0
0
0
0
0
0
0
0
0
0
0
0
0
0
0
0
0
0
0
0
0
0
0
0
0
0
0
0
0
0
0
0
0
0
0
0
0
0
0
0
0
0
0
0
0
0
0
0
0
0
0
0
0
0
0
0
0
0
0
0
0
0
0
0
0
0
0
0
0
0
0
0
0
0
0
0
0
0
0
0
0
0
0
0
0
0
0
0
0
0
0
0
0
0
0
0
0
0
0
0
0
0
0
0
0
0
0
0
0
0
0
0
0
0
0
0
0
0
0
0
0
0
0
0
0
0
0
0
0
0
0
0
0
0
0
0
0
0
0
0
0
0
0
0
0
0
0
0
0
0
0
0
0
0
0
0
0
0
0
0
0
0
0
0
0
0
0
0
0
0
0
0
0
0
0
0
0
0
0
0
0
0
0
0
0
0
0
0
0
0
0
0
0
0
0
0
0
0
0
0
0
0
0
0
0
0
0
0
0
0
0
0
0
0
0
0
0
0
0
0
0
0
0
0
0
0
0
0
0
0
0
0
0
0
0
0
0
0
0
0
0
0
0
0
0
0
0
0
0
0
0
0
0
0
0
0
0
0
0
0
0
0
0
0
0
0
0
0
0
0
0
0
0
0
0
0
0
0
0
0
0
0
0
0
0
0
0
0
0
0
0
0
0
0